Age,Female,Male,Total
<1,45,37,82
1-4,322,403,725
5-9,259,343,602
10-14,116,180,296
15-19,103,93,196
20-29,235,320,555
30-39,232,285,517
40-49,139,234,373
50-59,128,141,269
60-69,95,94,189
70-79,43,41,84
80+,22,15,37
